0.0 0.0 456.3240051269531
0.06109399999999946 -0.04603733333333556 683.3385009765625
0.12218799999999892 -0.09207466666667112 928.2344360351562
0.1832819999999984 -0.13811200000000667 466.778076171875
0.24437599999999784 -0.18414933333334224 118.9612884521484
0.0 0.0 761.3098754882812
0.06109399999999946 -0.04603733333333556 1263.106567382812
0.12218799999999892 -0.09207466666667112 1782.996826171875
0.1832819999999984 -0.13811200000000667 690.9796142578125
0.24437599999999784 -0.18414933333334224 305.4666748046875
[761.3098754882812, 1263.106567382812, 1782.996826171875, 690.9796142578125, 305.4666748046875]
0.0 0.0 1028.260620117188
0.06109399999999946 -0.04603733333333556 1652.53515625
0.12218799999999892 -0.09207466666667112 1733.599731445312
0.1832819999999984 -0.13811200000000667 733.8820190429688
0.24437599999999784 -0.18414933333334224 1072.3935546875
[1028.260620117188, 1652.53515625, 1733.599731445312, 733.8820190429688, 1072.3935546875]
0.0 0.0 809.4889526367188
0.06109399999999946 -0.04603733333333556 1065.40087890625
0.12218799999999892 -0.09207466666667112 1109.006591796875
0.1832819999999984 -0.13811200000000667 1831.665771484375
0.24437599999999784 -0.18414933333334224 640.351806640625
[809.4889526367188, 1065.40087890625, 1109.006591796875, 1831.665771484375, 640.351806640625]
